3 0.775 0.464453125 0.44999999999999996 0.20859374999999997
3 0.50833333359375 0.553125 0.2583333328125 0.10468750000000004
4 0.83819444375 0.79609375 0.1875 0.09218749999999998
4 0.727777778125 0.81953125 0.125 0.07968750000000002
5 0.5951388890625 0.694921875 0.19027777812500002 0.10078125000000004
3 0.9361111109375 0.93671875 0.12777777812500002 0.12656250000000002
14 0.78472222265625 0.91640625 0.2111111109374999 0.1171875
3 0.5736111109375 0.820703125 0.20833333437500012 0.13984375000000004
5 0.547222221875 0.894921875 0.227777778125 0.13203125000000004
14 0.47083333281249995 0.698046875 0.07222222187499994 0.06328125000000007
3 0.7 0.36796875 0.08046875 0.08046875
11 0.740625 0.45859375 0.02578125 0.06640625
4 0.50625 0.3578125 0.01953125 0.04296875
14 0.503125 0.29609375 0.0265625 0.05859375
3 0.465625 0.359375 0.04609375 0.12109375
19 0.37421875 0.340625 0.0515625 0.11953125
9 0.25 0.478125 0.07265625 0.14453125
10 0.90561868671875 0.219815340625 0.16603535468749997 0.061079543749999965
8 0.7569444445312501 0.2231889203125 0.2222222234375001 0.12890625000000006
6 0.63194444453125 0.18838778437499998 0.08585858593750006 0.05859375000000003
6 0.8147095953125001 0.1001420453125 0.1635101 0.08522727187499998
6 0.672032828125 0.09392755703125 0.12563131249999993 0.0635653390625
6 0.70138888828125 0.14968039843749997 0.11111111093749992 0.05007102187499998
6 0.9179292929687499 0.060909091406250004 0.16414141406250005 0.0720880671875
